If you want to try different sudoku game configurations, you can use the following examples.

sudoku_matrix = [[0, 2, 0, 5, 0, 1, 0, 9, 0],
                 [8, 0, 0, 2, 0, 3, 0, 0, 6],
                 [0, 0, 1, 0, 6, 0, 0, 7, 0],
                 [0, 0, 1, 0, 0, 0, 6, 0, 0],
                 [5, 4, 0, 0, 0, 0, 0, 1, 9],
                 [0, 0, 2, 0, 0, 0, 7, 0, 0],
                 [0, 9, 0, 0, 3, 0, 0, 8, 0],
                 [2, 0, 0, 8, 0, 4, 0, 0, 7],
                 [0, 1, 0, 9, 0, 7, 0, 6, 0]]

sudoku_matrix = [[0, 3, 5, 0, 1, 0, 0, 9, 0],
                 [8, 4, 2, 9, 7, 3, 5, 6, 1],
                 [9, 6, 1, 2, 8, 5, 3, 7, 4],
                 [0, 8, 6, 3, 4, 9, 1, 5, 7],
                 [4, 1, 3, 8, 5, 7, 9, 2, 6],
                 [5, 7, 9, 1, 2, 6, 4, 3, 8],
                 [1, 5, 7, 4, 9, 2, 6, 8, 3],
                 [6, 9, 4, 7, 3, 8, 2, 1, 5],
                 [0, 2, 8, 5, 0, 1, 7, 0, 9]]
